              precision    recall  f1-score   support

           0      0.273     0.600     0.375         5
           1      0.500     1.000     0.667         5
           2      1.000     1.000     1.000         5
           3      1.000     0.400     0.571         5
           4      0.455     1.000     0.625         5
           5      1.000     0.600     0.750         5
           6      0.600     0.600     0.600         5
           7      0.750     0.600     0.667         5
           8      0.667     0.400     0.500         5
           9      0.235     0.800     0.364         5
          10      0.333     0.400     0.364         5
          11      0.800     0.800     0.800         5
          12      0.750     0.600     0.667         5
          13      0.600     0.600     0.600         5
          14      0.273     0.600     0.375         5
          15      0.667     0.800     0.727         5
          16      1.000     0.800     0.889         5
          17      1.000     0.800     0.889         5
          18      0.667     0.800     0.727         5
          19      1.000     1.000     1.000         5
          20      1.000     0.400     0.571         5
          21      0.833     1.000     0.909         5
          22      0.800     0.800     0.800         5
          23      0.800     0.800     0.800         5
          24      1.000     0.400     0.571         5
          25      1.000     1.000     1.000         5
          26      1.000     1.000     1.000         5
          27      0.750     0.600     0.667         5
          28      0.556     1.000     0.714         5
          29      0.500     0.400     0.444         5
          30      1.000     0.600     0.750         5
          31      1.000     0.800     0.889         5
          32      1.000     0.800     0.889         5
          33      0.600     0.600     0.600         5
          34      1.000     0.600     0.750         5
          35      0.571     0.800     0.667         5
          36      0.600     0.600     0.600         5
          37      0.667     0.400     0.500         5
          38      1.000     0.400     0.571         5
          39      1.000     0.600     0.750         5
          40      1.000     0.800     0.889         5
          41      1.000     0.600     0.750         5
          42      0.667     0.800     0.727         5
          43      1.000     0.600     0.750         5
          44      1.000     0.600     0.750         5
          45      0.800     0.800     0.800         5
          46      1.000     0.800     0.889         5
          47      0.267     0.800     0.400         5
          48      1.000     0.600     0.750         5
          49      1.000     0.600     0.750         5
          50      1.000     0.800     0.889         5
          51      1.000     1.000     1.000         5
          52      1.000     0.800     0.889         5
          53      0.800     0.800     0.800         5
          54      0.800     0.800     0.800         5
          55      0.667     0.400     0.500         5
          56      1.000     0.400     0.571         5
          57      1.000     0.400     0.571         5
          58      1.000     0.600     0.750         5
          59      1.000     0.800     0.889         5
          60      0.800     0.800     0.800         5
          61      1.000     0.600     0.750         5
          62      0.667     0.800     0.727         5
          63      1.000     0.600     0.750         5
          64      1.000     1.000     1.000         5
          65      1.000     0.800     0.889         5
          66      1.000     0.800     0.889         5
          67      0.167     0.200     0.182         5
          68      0.200     0.400     0.267         5
          69      0.667     0.800     0.727         5
          70      1.000     0.800     0.889         5
          71      0.600     0.600     0.600         5
          72      0.250     0.800     0.381         5
          73      0.571     0.800     0.667         5
          74      1.000     0.400     0.571         5
          75      0.192     1.000     0.323         5
          76      0.750     0.600     0.667         5
          77      0.571     0.800     0.667         5
          78      0.286     0.800     0.421         5
          79      0.217     1.000     0.357         5
          80      0.500     0.800     0.615         5
          81      0.417     1.000     0.588         5
          82      0.667     0.400     0.500         5
          83      0.600     0.600     0.600         5
          84      0.500     0.600     0.545         5
          85      0.750     0.600     0.667         5
          86      0.500     1.000     0.667         5
          87      0.667     0.400     0.500         5
          88      1.000     0.200     0.333         5
          89      1.000     0.600     0.750         5
          90      0.800     0.800     0.800         5
          91      1.000     1.000     1.000         5
          92      0.714     1.000     0.833         5
          93      0.500     0.600     0.545         5
          94      0.500     0.600     0.545         5
          95      0.750     0.600     0.667         5
          96      0.750     0.600     0.667         5
          97      1.000     0.600     0.750         5
          98      0.600     0.600     0.600         5
          99      1.000     0.400     0.571         5
         100      0.500     1.000     0.667         5
         101      1.000     0.600     0.750         5
         102      0.571     0.800     0.667         5
         103      0.750     0.600     0.667         5
         104      1.000     0.800     0.889         5
         105      1.000     0.800     0.889         5
         106      1.000     0.800     0.889         5
         107      0.500     0.800     0.615         5
         108      0.600     0.600     0.600         5
         109      1.000     0.600     0.750         5
         110      1.000     0.800     0.889         5
         111      0.750     0.600     0.667         5
         112      0.750     0.600     0.667         5
         113      0.500     0.400     0.444         5
         114      0.500     0.800     0.615         5
         115      0.571     0.800     0.667         5
         116      1.000     0.600     0.750         5
         117      0.714     1.000     0.833         5
         118      1.000     0.200     0.333         5
         119      0.667     0.800     0.727         5
         120      0.750     0.600     0.667         5
         121      1.000     0.800     0.889         5
         122      1.000     0.800     0.889         5
         123      1.000     0.600     0.750         5
         124      0.750     0.600     0.667         5
         125      1.000     0.800     0.889         5
         126      1.000     0.600     0.750         5
         127      1.000     0.600     0.750         5
         128      0.667     0.400     0.500         5
         129      1.000     0.600     0.750         5
         130      1.000     0.200     0.333         5
         131      1.000     0.200     0.333         5
         132      0.750     0.600     0.667         5
         133      1.000     0.600     0.750         5
         134      1.000     0.800     0.889         5
         135      0.667     0.400     0.500         5
         136      0.750     0.600     0.667         5
         137      0.500     0.800     0.615         5
         138      0.571     0.800     0.667         5
         139      1.000     0.800     0.889         5
         140      1.000     0.400     0.571         5
         141      0.750     0.600     0.667         5
         142      1.000     0.600     0.750         5
         143      1.000     0.800     0.889         5
         144      1.000     0.800     0.889         5
         145      0.333     0.600     0.429         5
         146      1.000     0.800     0.889         5
         147      0.500     0.800     0.615         5
         148      1.000     0.600     0.750         5
         149      0.667     0.800     0.727         5
         150      1.000     0.800     0.889         5
         151      1.000     0.800     0.889         5
         152      0.800     0.800     0.800         5
         153      1.000     0.600     0.750         5
         154      1.000     0.600     0.750         5
         155      1.000     0.800     0.889         5
         156      1.000     0.800     0.889         5
         157      1.000     0.800     0.889         5
         158      1.000     0.800     0.889         5
         159      1.000     0.400     0.571         5
         160      1.000     0.600     0.750         5
         161      1.000     0.800     0.889         5
         162      1.000     0.800     0.889         5
         163      1.000     0.800     0.889         5
         164      1.000     0.800     0.889         5
         165      1.000     0.600     0.750         5
         166      1.000     0.800     0.889         5
         167      1.000     0.600     0.750         5
         168      1.000     0.600     0.750         5
         169      1.000     0.600     0.750         5
         170      1.000     0.600     0.750         5
         171      1.000     0.400     0.571         5
         172      0.500     0.400     0.444         5
         173      0.500     0.600     0.545         5
         174      0.750     0.600     0.667         5
         175      0.750     0.600     0.667         5
         176      0.750     0.600     0.667         5
         177      1.000     1.000     1.000         5
         178      0.750     0.600     0.667         5
         179      0.500     0.200     0.286         5
         180      1.000     0.800     0.889         5
         181      0.800     0.800     0.800         5
         182      0.800     0.800     0.800         5
         183      0.800     0.800     0.800         5
         184      1.000     0.400     0.571         5
         185      1.000     0.800     0.889         5
         186      1.000     0.600     0.750         5
         187      1.000     0.600     0.750         5
         188      0.750     0.600     0.667         5
         189      1.000     0.600     0.750         5
         190      1.000     0.200     0.333         5
         191      0.800     0.800     0.800         5
         192      1.000     0.600     0.750         5
         193      0.600     0.600     0.600         5
         194      1.000     0.800     0.889         5
         195      1.000     0.600     0.750         5
         196      0.429     0.600     0.500         5
         197      1.000     0.800     0.889         5
         198      0.800     0.800     0.800         5
         199      1.000     0.800     0.889         5
         200      1.000     0.600     0.750         5
         201      1.000     0.600     0.750         5
         202      0.400     0.800     0.533         5
         203      0.400     0.800     0.533         5
         204      0.800     0.800     0.800         5
         205      1.000     0.600     0.750         5
         206      0.625     1.000     0.769         5
         207      0.667     0.800     0.727         5
         208      1.000     0.600     0.750         5
         209      1.000     0.800     0.889         5
         210      1.000     0.600     0.750         5
         211      1.000     0.800     0.889         5
         212      1.000     0.800     0.889         5
         213      1.000     0.600     0.750         5
         214      1.000     0.800     0.889         5
         215      0.800     0.800     0.800         5
         216      1.000     0.600     0.750         5
         217      1.000     0.600     0.750         5
         218      1.000     0.600     0.750         5
         219      0.600     0.600     0.600         5
         220      1.000     0.800     0.889         5
         221      1.000     0.600     0.750         5
         222      0.500     1.000     0.667         5
         223      1.000     0.600     0.750         5
         224      0.667     0.400     0.500         5
         225      0.625     1.000     0.769         5
         226      1.000     0.800     0.889         5
         227      0.800     0.800     0.800         5
         228      1.000     0.800     0.889         5
         229      1.000     0.600     0.750         5
         230      1.000     0.600     0.750         5
         231      1.000     0.600     0.750         5
         232      0.625     1.000     0.769         5
         233      0.667     0.800     0.727         5
         234      0.571     0.800     0.667         5
         235      0.800     0.800     0.800         5
         236      0.625     1.000     0.769         5
         237      1.000     0.800     0.889         5
         238      1.000     0.600     0.750         5
         239      0.833     1.000     0.909         5
         240      0.833     1.000     0.909         5
         241      1.000     0.800     0.889         5
         242      0.600     0.600     0.600         5
         243      0.571     0.800     0.667         5
         244      1.000     1.000     1.000         5
         245      0.833     1.000     0.909         5
         246      1.000     0.600     0.750         5
         247      0.500     0.600     0.545         5
         248      0.800     0.800     0.800         5
         249      1.000     0.400     0.571         5
         250      0.600     0.600     0.600         5
         251      0.750     0.600     0.667         5
         252      1.000     0.600     0.750         5
         253      0.833     1.000     0.909         5
         254      1.000     0.800     0.889         5
         255      1.000     0.800     0.889         5
         256      1.000     0.800     0.889         5
         257      0.667     0.800     0.727         5
         258      1.000     0.800     0.889         5
         259      1.000     0.600     0.750         5
         260      1.000     0.800     0.889         5
         261      1.000     1.000     1.000         5
         262      1.000     0.800     0.889         5
         263      1.000     0.800     0.889         5
         264      1.000     0.800     0.889         5
         265      1.000     0.400     0.571         5
         266      1.000     0.600     0.750         5
         267      1.000     0.800     0.889         5
         268      1.000     0.600     0.750         5
         269      1.000     0.600     0.750         5
         270      0.500     0.800     0.615         5
         271      1.000     0.600     0.750         5
         272      0.800     0.800     0.800         5
         273      1.000     0.800     0.889         5
         274      1.000     0.800     0.889         5
         275      1.000     0.400     0.571         5
         276      1.000     0.800     0.889         5
         277      1.000     0.600     0.750         5
         278      1.000     1.000     1.000         5
         279      0.714     1.000     0.833         5
         280      1.000     0.800     0.889         5
         281      0.500     0.600     0.545         5
         282      1.000     0.800     0.889         5
         283      1.000     0.600     0.750         5
         284      1.000     0.600     0.750         5
         285      1.000     0.400     0.571         5
         286      0.667     0.400     0.500         5
         287      0.571     0.800     0.667         5
         288      1.000     0.200     0.333         5
         289      1.000     0.600     0.750         5
         290      1.000     0.800     0.889         5
         291      1.000     0.600     0.750         5
         292      0.500     0.200     0.286         5
         293      1.000     0.600     0.750         5
         294      1.000     0.600     0.750         5
         295      1.000     0.800     0.889         5
         296      0.833     1.000     0.909         5
         297      1.000     0.800     0.889         5
         298      0.750     0.600     0.667         5
         299      0.800     0.800     0.800         5
         300      1.000     0.800     0.889         5
         301      1.000     0.800     0.889         5
         302      0.833     1.000     0.909         5
         303      1.000     0.800     0.889         5
         304      1.000     0.800     0.889         5
         305      1.000     0.400     0.571         5
         306      1.000     1.000     1.000         5
         307      1.000     0.400     0.571         5
         308      1.000     0.800     0.889         5
         309      1.000     0.600     0.750         5
         310      1.000     0.400     0.571         5
         311      1.000     0.600     0.750         5
         312      0.800     0.800     0.800         5
         313      1.000     0.800     0.889         5
         314      0.667     0.800     0.727         5
         315      1.000     0.800     0.889         5
         316      1.000     0.600     0.750         5
         317      1.000     0.800     0.889         5
         318      1.000     0.600     0.750         5
         319      0.571     0.800     0.667         5
         320      1.000     1.000     1.000         5
         321      0.800     0.800     0.800         5
         322      0.750     0.600     0.667         5
         323      1.000     0.600     0.750         5
         324      1.000     0.600     0.750         5
         325      1.000     0.800     0.889         5
         326      0.800     0.800     0.800         5
         327      1.000     1.000     1.000         5
         328      1.000     0.400     0.571         5
         329      0.800     0.800     0.800         5
         330      0.800     0.800     0.800         5
         331      1.000     0.800     0.889         5
         332      1.000     0.200     0.333         5
         333      1.000     0.400     0.571         5
         334      0.833     1.000     0.909         5
         335      1.000     0.600     0.750         5
         336      1.000     0.800     0.889         5
         337      1.000     0.800     0.889         5
         338      0.750     0.600     0.667         5
         339      1.000     0.600     0.750         5
         340      1.000     0.800     0.889         5
         341      1.000     0.400     0.571         5
         342      1.000     0.800     0.889         5
         343      1.000     0.600     0.750         5
         344      0.800     0.800     0.800         5
         345      0.667     0.800     0.727         5
         346      0.500     0.600     0.545         5
         347      0.500     0.800     0.615         5
         348      0.750     0.600     0.667         5
         349      0.800     0.800     0.800         5
         350      0.750     0.600     0.667         5
         351      1.000     0.800     0.889         5
         352      0.800     0.800     0.800         5
         353      0.444     0.800     0.571         5
         354      1.000     0.600     0.750         5
         355      1.000     0.800     0.889         5
         356      0.800     0.800     0.800         5
         357      0.750     0.600     0.667         5
         358      0.333     0.800     0.471         5
         359      0.174     0.800     0.286         5
         360      0.267     0.800     0.400         5
         361      0.500     0.800     0.615         5
         362      0.444     0.800     0.571         5
         363      0.500     0.800     0.615         5
         364      0.667     0.800     0.727         5
         365      0.571     0.800     0.667         5
         366      0.400     0.800     0.533         5
         367      0.333     0.200     0.250         5
         368      0.333     0.400     0.364         5
         369      0.429     0.600     0.500         5
         370      0.211     0.800     0.333         5
         371      0.400     0.800     0.533         5
         372      0.500     0.600     0.545         5
         373      0.667     0.400     0.500         5
         374      0.750     0.600     0.667         5
         375      0.500     1.000     0.667         5
         376      0.500     1.000     0.667         5
         377      0.500     0.400     0.444         5
         378      0.000     0.000     0.000         5
         379      0.333     0.200     0.250         5
         380      0.667     0.800     0.727         5
         381      1.000     0.200     0.333         5
         382      0.400     0.800     0.533         5
         383      0.111     0.800     0.195         5
         384      0.500     0.200     0.286         5
         385      0.000     0.000     0.000         5
         386      0.000     0.000     0.000         5
         387      1.000     0.200     0.333         5
         388      0.308     0.800     0.444         5
         389      0.250     1.000     0.400         5
         390      1.000     0.400     0.571         5
         391      1.000     0.400     0.571         5
         392      1.000     0.400     0.571         5
         393      0.667     0.400     0.500         5
         394      0.833     1.000     0.909         5
         395      1.000     0.600     0.750         5
         396      1.000     0.800     0.889         5
         397      1.000     0.600     0.750         5
         398      0.800     0.800     0.800         5
         399      1.000     0.800     0.889         5
         400      0.800     0.800     0.800         5
         401      1.000     0.600     0.750         5
         402      1.000     0.800     0.889         5
         403      0.800     0.800     0.800         5
         404      0.273     0.600     0.375         5
         405      1.000     0.800     0.889         5
         406      1.000     0.800     0.889         5
         407      1.000     0.400     0.571         5
         408      1.000     0.600     0.750         5
         409      0.750     0.600     0.667         5
         410      1.000     0.800     0.889         5
         411      0.800     0.800     0.800         5
         412      1.000     0.400     0.571         5
         413      0.600     0.600     0.600         5
         414      0.750     0.600     0.667         5
         415      0.800     0.800     0.800         5
         416      1.000     1.000     1.000         5
         417      0.750     0.600     0.667         5
         418      1.000     0.800     0.889         5
         419      1.000     0.600     0.750         5
         420      0.800     0.800     0.800         5
         421      0.500     0.600     0.545         5
         422      1.000     0.600     0.750         5
         423      1.000     0.800     0.889         5
         424      0.667     0.800     0.727         5
         425      1.000     1.000     1.000         5
         426      0.600     0.600     0.600         5
         427      0.375     0.600     0.462         5
         428      0.500     0.800     0.615         5
         429      0.800     0.800     0.800         5
         430      0.800     0.800     0.800         5
         431      0.833     1.000     0.909         5
         432      1.000     1.000     1.000         5
         433      0.750     0.600     0.667         5
         434      1.000     0.600     0.750         5
         435      0.800     0.800     0.800         5
         436      1.000     0.800     0.889         5
         437      0.833     1.000     0.909         5
         438      0.294     1.000     0.455         5
         439      0.800     0.800     0.800         5
         440      0.714     1.000     0.833         5
         441      0.714     1.000     0.833         5
         442      0.750     0.600     0.667         5
         443      0.571     0.800     0.667         5
         444      0.600     0.600     0.600         5
         445      1.000     0.800     0.889         5
         446      0.833     1.000     0.909         5
         447      0.714     1.000     0.833         5
         448      0.500     0.800     0.615         5
         449      1.000     0.800     0.889         5
         450      1.000     0.600     0.750         5
         451      0.500     0.800     0.615         5
         452      1.000     0.600     0.750         5
         453      0.833     1.000     0.909         5
         454      1.000     0.800     0.889         5
         455      1.000     1.000     1.000         5
         456      1.000     0.800     0.889         5
         457      0.625     1.000     0.769         5
         458      1.000     0.600     0.750         5
         459      1.000     0.800     0.889         5
         460      1.000     0.800     0.889         5
         461      0.833     1.000     0.909         5
         462      1.000     0.600     0.750         5
         463      1.000     1.000     1.000         5
         464      0.429     0.600     0.500         5
         465      1.000     0.800     0.889         5
         466      1.000     0.800     0.889         5
         467      1.000     1.000     1.000         5
         468      0.357     1.000     0.526         5
         469      0.800     0.800     0.800         5
         470      0.444     0.800     0.571         5
         471      0.571     0.800     0.667         5
         472      0.444     0.800     0.571         5
         473      1.000     0.600     0.750         5
         474      0.417     1.000     0.588         5
         475      1.000     0.600     0.750         5
         476      1.000     0.200     0.333         5
         477      0.500     0.400     0.444         5
         478      0.750     0.600     0.667         5
         479      0.250     0.400     0.308         5
         480      1.000     0.600     0.750         5
         481      0.800     0.800     0.800         5
         482      1.000     0.600     0.750         5
         483      1.000     0.400     0.571         5
         484      0.667     0.400     0.500         5
         485      0.400     0.400     0.400         5
         486      1.000     0.400     0.571         5
         487      0.800     0.800     0.800         5
         488      1.000     0.600     0.750         5
         489      0.500     0.600     0.545         5
         490      1.000     0.600     0.750         5
         491      1.000     0.800     0.889         5
         492      0.800     0.800     0.800         5
         493      0.667     0.400     0.500         5
         494      0.667     0.800     0.727         5
         495      0.500     0.800     0.615         5
         496      0.667     0.400     0.500         5
         497      0.714     1.000     0.833         5
         498      0.571     0.800     0.667         5
         499      0.800     0.800     0.800         5
         500      0.800     0.800     0.800         5
         501      0.600     0.600     0.600         5
         502      0.556     1.000     0.714         5
         503      0.800     0.800     0.800         5
         504      0.500     0.600     0.545         5
         505      0.833     1.000     0.909         5
         506      0.667     0.800     0.727         5
         507      0.750     0.600     0.667         5
         508      0.833     1.000     0.909         5
         509      1.000     0.800     0.889         5
         510      1.000     0.800     0.889         5
         511      1.000     0.600     0.750         5
         512      0.600     0.600     0.600         5
         513      0.800     0.800     0.800         5
         514      1.000     0.800     0.889         5
         515      1.000     0.800     0.889         5
         516      1.000     0.800     0.889         5
         517      1.000     0.800     0.889         5
         518      0.625     1.000     0.769         5
         519      0.571     0.800     0.667         5
         520      1.000     0.400     0.571         5
         521      0.750     0.600     0.667         5
         522      1.000     0.600     0.750         5
         523      0.833     1.000     0.909         5
         524      1.000     0.600     0.750         5
         525      1.000     0.800     0.889         5
         526      1.000     0.600     0.750         5
         527      0.500     0.600     0.545         5
         528      0.833     1.000     0.909         5
         529      0.222     0.800     0.348         5
         530      0.400     0.400     0.400         5
         531      0.556     1.000     0.714         5
         532      0.800     0.800     0.800         5
         533      1.000     0.800     0.889         5
         534      1.000     0.800     0.889         5
         535      0.600     0.600     0.600         5
         536      0.500     0.800     0.615         5
         537      0.600     0.600     0.600         5
         538      0.429     0.600     0.500         5
         539      0.500     0.800     0.615         5
         540      0.714     1.000     0.833         5
         541      0.714     1.000     0.833         5
         542      0.357     1.000     0.526         5
         543      0.500     0.600     0.545         5
         544      0.444     0.800     0.571         5
         545      0.429     0.600     0.500         5
         546      0.222     0.400     0.286         5
         547      0.333     0.800     0.471         5
         548      1.000     1.000     1.000         5
         549      1.000     0.600     0.750         5
         550      0.714     1.000     0.833         5
         551      0.571     0.800     0.667         5
         552      1.000     0.800     0.889         5
         553      0.800     0.800     0.800         5
         554      0.444     0.800     0.571         5
         555      1.000     0.800     0.889         5
         556      1.000     0.800     0.889         5
         557      0.444     0.800     0.571         5
         558      0.600     0.600     0.600         5
         559      0.571     0.800     0.667         5
         560      0.800     0.800     0.800         5
         561      1.000     0.400     0.571         5
         562      1.000     0.600     0.750         5
         563      0.833     1.000     0.909         5
         564      1.000     0.600     0.750         5
         565      1.000     0.800     0.889         5
         566      0.375     0.600     0.462         5
         567      1.000     0.400     0.571         5
         568      1.000     0.600     0.750         5
         569      1.000     0.800     0.889         5
         570      0.500     0.400     0.444         5
         571      1.000     0.400     0.571         5
         572      1.000     0.600     0.750         5
         573      1.000     0.600     0.750         5
         574      1.000     0.800     0.889         5
         575      0.750     0.600     0.667         5
         576      0.571     0.800     0.667         5
         577      1.000     0.600     0.750         5
         578      0.600     0.600     0.600         5
         579      0.800     0.800     0.800         5
         580      1.000     0.400     0.571         5
         581      1.000     0.600     0.750         5
         582      0.667     0.400     0.500         5
         583      0.500     0.600     0.545         5
         584      1.000     0.200     0.333         5
         585      1.000     0.600     0.750         5
         586      0.400     0.400     0.400         5
         587      0.444     0.800     0.571         5
         588      0.667     0.400     0.500         5
         589      0.333     0.200     0.250         5
         590      0.500     0.600     0.545         5
         591      0.667     0.800     0.727         5
         592      0.750     0.600     0.667         5
         593      0.750     0.600     0.667         5
         594      1.000     0.800     0.889         5
         595      1.000     0.600     0.750         5
         596      0.600     0.600     0.600         5
         597      0.714     1.000     0.833         5
         598      0.800     0.800     0.800         5
         599      0.667     0.400     0.500         5
         600      1.000     0.800     0.889         5
         601      1.000     0.200     0.333         5
         602      1.000     0.400     0.571         5
         603      0.625     1.000     0.769         5
         604      1.000     0.800     0.889         5
         605      1.000     0.400     0.571         5
         606      0.800     0.800     0.800         5
         607      1.000     0.600     0.750         5
         608      0.667     0.800     0.727         5
         609      0.667     0.800     0.727         5
         610      1.000     0.800     0.889         5
         611      1.000     0.400     0.571         5
         612      0.667     0.400     0.500         5
         613      1.000     0.800     0.889         5
         614      1.000     0.400     0.571         5
         615      1.000     0.400     0.571         5
         616      0.667     0.400     0.500         5
         617      1.000     0.400     0.571         5
         618      1.000     0.600     0.750         5
         619      1.000     0.800     0.889         5
         620      0.556     1.000     0.714         5
         621      0.750     0.600     0.667         5
         622      1.000     0.200     0.333         5
         623      0.500     0.400     0.444         5
         624      1.000     0.800     0.889         5
         625      0.833     1.000     0.909         5
         626      1.000     0.600     0.750         5
         627      0.333     0.400     0.364         5
         628      0.500     0.200     0.286         5
         629      1.000     0.400     0.571         5
         630      0.625     1.000     0.769         5
         631      0.800     0.800     0.800         5
         632      0.571     0.800     0.667         5
         633      0.833     1.000     0.909         5
         634      0.750     0.600     0.667         5
         635      0.667     0.800     0.727         5
         636      0.500     0.600     0.545         5
         637      1.000     0.200     0.333         5
         638      0.286     0.800     0.421         5
         639      0.167     0.200     0.182         5
         640      0.357     1.000     0.526         5
         641      1.000     0.800     0.889         5
         642      0.750     0.600     0.667         5
         643      0.667     0.800     0.727         5
         644      0.444     0.800     0.571         5
         645      0.038     0.200     0.065         5
         646      0.500     0.600     0.545         5
         647      1.000     0.800     0.889         5
         648      1.000     1.000     1.000         5
         649      1.000     1.000     1.000         5
         650      1.000     0.800     0.889         5
         651      1.000     0.600     0.750         5
         652      0.667     0.400     0.500         5
         653      1.000     0.800     0.889         5
         654      0.833     1.000     0.909         5
         655      0.833     1.000     0.909         5
         656      1.000     1.000     1.000         5

    accuracy                          0.692      3285
   macro avg      0.796     0.692     0.706      3285
weighted avg      0.796     0.692     0.706      3285
